{
 "cells": [
  {
   "cell_type": "markdown",
   "id": "242169d6",
   "metadata": {},
   "source": [
    "## Imports"
   ]
  },
  {
   "cell_type": "code",
   "execution_count": 515,
   "id": "4df34e71",
   "metadata": {},
   "outputs": [],
   "source": [
    "import numpy as np\n",
    "import pandas as pd"
   ]
  },
  {
   "cell_type": "markdown",
   "id": "8ec43599",
   "metadata": {},
   "source": [
    "# Normalization"
   ]
  },
  {
   "cell_type": "code",
   "execution_count": 516,
   "id": "48539c39",
   "metadata": {},
   "outputs": [],
   "source": [
    "def add_ones_column(matrix):\n",
    "    rows, cols = matrix.shape\n",
    "    ones_column = np.ones((rows, 1))\n",
    "    return np.hstack((matrix, ones_column))\n",
    "\n",
    "def normalize_2d(points):\n",
    "    mean_x = np.mean(points[:, 0])\n",
    "    mean_y = np.mean(points[:, 1])\n",
    "    centroid = np.array([mean_x,mean_y])\n",
    "\n",
    "    mean_distance = np.mean(np.linalg.norm(points-centroid, axis=1))\n",
    "    s = np.sqrt(2) / mean_distance\n",
    "    T = np.array([[s, 0, -mean_x * s],\n",
    "                  [0, s, -mean_y * s],\n",
    "                  [0, 0, 1]])\n",
    "    \n",
    "    pointsNew = add_ones_column(points)\n",
    "    return T,np.matmul(T,pointsNew.T).T\n",
    "\n",
    "def normalize_3d(points):\n",
    "    mean_x = np.mean(points[:, 0])\n",
    "    mean_y = np.mean(points[:, 1])\n",
    "    mean_z = np.mean(points[:, 2])\n",
    "    centroid = np.array([mean_x,mean_y,mean_z])\n",
    "    mean_distance = np.mean(np.linalg.norm(points-centroid, axis=1))\n",
    "    s = np.sqrt(3) / mean_distance\n",
    "    U = np.array([[s, 0, 0, -mean_x * s],\n",
    "                  [0, s, 0, -mean_y * s],\n",
    "                  [0, 0, s, -mean_z * s],\n",
    "                  [0, 0, 0, 1]])\n",
    "    pointsNew = add_ones_column(points)\n",
    "    \n",
    "    return U,np.matmul(U,pointsNew.T).T"
   ]
  },
  {
   "cell_type": "markdown",
   "id": "72ef9a45",
   "metadata": {},
   "source": [
    "## Calculating P(Projection Matrix)"
   ]
  },
  {
   "cell_type": "code",
   "execution_count": 517,
   "id": "455a4b4c",
   "metadata": {},
   "outputs": [],
   "source": [
    "#Need Atleast 6 feudicial points\n",
    "def dlt(points_3d, points_2d):\n",
    "    N = points_3d.shape[0]\n",
    "    A = np.zeros((2 * N, 12))\n",
    "    for i in range(N):\n",
    "        X, Y, Z, W = points_3d[i]\n",
    "        x, y, w = points_2d[i]\n",
    "        A[2 * i] = [-X, -Y, -Z, -W, 0, 0, 0, 0, x * X, x * Y, x * Z, x * W]\n",
    "        A[2 * i + 1] = [0, 0, 0, 0, -X, -Y, -Z, -W, y * X, y * Y, y * Z, y * W]\n",
    "    U, S, V = np.linalg.svd(A)\n",
    "    P = V[-1].reshape(3, 4)\n",
    "    \n",
    "    return P\n",
    "\n",
    "\n",
    "def denormalize(P,T,U):\n",
    "    return np.matmul(np.linalg.pinv(T),np.matmul(P,U))\n",
    "    \n",
    "def estimate_P(points_3d, points_2d,T,U):\n",
    "    P1 = dlt(points_3d, points_2d)\n",
    "    return denormalize(P1,T,U)"
   ]
  },
  {
   "cell_type": "markdown",
   "id": "b31acb42",
   "metadata": {},
   "source": [
    " ## Intrinsic and Extrinsic Parameter Extraction"
   ]
  },
  {
   "cell_type": "code",
   "execution_count": 518,
   "id": "07baca7f",
   "metadata": {},
   "outputs": [],
   "source": [
    "def parameter_extract(P):\n",
    "    A = P[:,0:3]\n",
    "    b = P[:,-1]\n",
    "    \n",
    "    #Estimating Intrinsic Parameters\n",
    "    epsilon = 1\n",
    "    rho = epsilon/np.linalg.norm(A[2])\n",
    "    x0 = rho*rho*np.dot(A[0],A[2])\n",
    "    y0 = rho*rho*np.dot(A[1],A[2])\n",
    "    \n",
    "    \n",
    "    temp1 = np.cross(-A[0],A[2])/(np.linalg.norm(np.cross(A[0],A[2])))\n",
    "    #print((np.linalg.norm(np.cross(A[0],A[2]))))\n",
    "    temp2 = np.cross(A[1],A[2])/(np.linalg.norm(np.cross(A[1],A[2])))\n",
    "    theta = (np.arccos(np.dot(temp1,temp2))*180)/np.pi\n",
    "    theta1 = np.arccos(np.dot(temp1,temp2))\n",
    "    \n",
    "    \n",
    "    alpha = rho*rho*(np.linalg.norm(np.cross(A[0],A[2])))*np.sin(theta1)\n",
    "    beta  = rho*rho*(np.linalg.norm(np.cross(A[1],A[2])))*np.sin(theta1)\n",
    "    \n",
    "    K = np.array([[alpha ,-alpha*(np.cos(theta1)/(np.sin(theta1))) ,x0],\n",
    "                  [0     , beta/(np.sin(theta1))                   ,y0],\n",
    "                  [0     , 0                                       ,1]])\n",
    "    \n",
    "    #Estimating Extrinsic parameters\n",
    "    \n",
    "    #Rotation\n",
    "    r1 = np.cross(A[1],A[2])/(np.linalg.norm(np.cross(A[1],A[2])))\n",
    "    r3 = rho*A[2]\n",
    "    r2 = np.cross(r3,r1)\n",
    "    \n",
    "    R = np.array([r1,r2,r3])\n",
    "\n",
    "    \n",
    "    #Transalation\n",
    "    t = rho*np.dot(np.linalg.inv(K), b)   \n",
    "    t = t.reshape(3,1)\n",
    "\n",
    "    \n",
    "    print(\"K: \",K)\n",
    "    print(\"R: \",R)\n",
    "    print(\"t: \",t)\n",
    "    return x0,y0,alpha,beta,theta,K,R,t\n",
    "    "
   ]
  },
  {
   "cell_type": "markdown",
   "id": "12b150c5",
   "metadata": {},
   "source": [
    "# Estimating 2D points on Image Plane using P"
   ]
  },
  {
   "cell_type": "code",
   "execution_count": 519,
   "id": "62fe3f3c",
   "metadata": {},
   "outputs": [],
   "source": [
    "def estimate2D(X,P):\n",
    "    Xnew = add_ones_column(X).T\n",
    "    out = np.matmul(P,Xnew)\n",
    "    out = out/out[2]\n",
    "    Y = out.T[:,:2]\n",
    "    return Y\n",
    "\n",
    "\n",
    "\n",
    "\n",
    "#Calculating Error\n",
    "def RMSE(x,x_cap):\n",
    "    return np.sqrt(np.mean(np.sum((x - x_cap)**2,1)))\n",
    "    \n",
    "    "
   ]
  },
  {
   "cell_type": "code",
   "execution_count": 520,
   "id": "0e7bdb94",
   "metadata": {},
   "outputs": [
    {
     "name": "stdout",
     "output_type": "stream",
     "text": [
      "The results for Image0\n",
      "K:  [[6.04025155e+03 6.35634405e+01 1.71892791e+03]\n",
      " [0.00000000e+00 5.49836664e+03 2.44468401e+03]\n",
      " [0.00000000e+00 0.00000000e+00 1.00000000e+00]]\n",
      "R:  [[ 0.89709367 -0.44157863  0.01520739]\n",
      " [ 0.01013799  0.05498078  0.99843594]\n",
      " [-0.44172409 -0.89553639  0.05379963]]\n",
      "t:  [[   7.47696843]\n",
      " [-113.19964183]\n",
      " [ 773.47681656]]\n",
      "x_img_estimated: [[1321.45916405 2356.60149763]\n",
      " [1203.14564596 2161.49460161]\n",
      " [1302.39332946 1763.76131794]\n",
      " [2312.18809084 2322.3253053 ]\n",
      " [1617.00269524 2334.7346341 ]\n",
      " [1611.7474081  2155.12853211]\n",
      " [2486.23839644 1782.02383303]\n",
      " [1796.15744458 2659.87619843]\n",
      " [1196.35588803 1957.32266961]\n",
      " [2515.71976922 3210.44931065]\n",
      " [1308.7731543  1962.13797366]\n",
      " [1230.03639615 2970.11494947]\n",
      " [2324.0235896  2849.47512797]\n",
      " [1546.5431473  3074.97812126]\n",
      " [1432.00376786 2538.89693494]\n",
      " [2127.94545222 2147.81832427]]\n",
      "Error: 14.049258025135176\n",
      "The results for Image1\n",
      "K:  [[ 7.04986443e+03 -2.07288565e+01  2.37763645e+03]\n",
      " [ 0.00000000e+00  6.38308536e+03  2.47542425e+03]\n",
      " [ 0.00000000e+00  0.00000000e+00  1.00000000e+00]]\n",
      "R:  [[ 0.92761585 -0.37242274  0.0288122 ]\n",
      " [ 0.00642918 -0.06120406 -0.99810457]\n",
      " [ 0.37348026  0.92604285 -0.05437948]]\n",
      "t:  [[  77.67398652]\n",
      " [ 116.49783818]\n",
      " [-897.87583366]]\n",
      "x_img_estimated: [[1500.85304134 1799.65281616]\n",
      " [2483.33654568 1964.51560235]\n",
      " [1695.08012813 1987.6055024 ]\n",
      " [1781.93655215 1989.23316578]\n",
      " [1342.29559863 3135.86059761]\n",
      " [1787.65387812 2159.49233304]\n",
      " [2130.83889192 2150.85576507]\n",
      " [2157.23452092 3011.86800804]\n",
      " [2667.87090969 1958.01255146]\n",
      " [2328.01918808 2843.27750055]\n",
      " [1419.83857573 2359.36310252]\n",
      " [1974.00557863 2668.14560638]\n",
      " [1398.99983462 1792.68863563]\n",
      " [2681.82973957 2494.01253767]\n",
      " [1712.9989638  2509.74714733]\n",
      " [1208.39725002 2575.49456309]]\n",
      "Error: 18.566514911364454\n",
      "The results for Image2\n",
      "K:  [[ 5.26103356e+03 -1.13759169e+02  8.07125849e+02]\n",
      " [ 0.00000000e+00  4.62481742e+03  1.99457561e+03]\n",
      " [ 0.00000000e+00  0.00000000e+00  1.00000000e+00]]\n",
      "R:  [[ 0.81029938 -0.58524118  0.0301276 ]\n",
      " [-0.06875171 -0.04388317  0.99666818]\n",
      " [-0.58196917 -0.80967093 -0.07579484]]\n",
      "t:  [[123.92598413]\n",
      " [-46.81638434]\n",
      " [687.70357102]]\n",
      "x_img_estimated: [[1684.3256921  1828.37879477]\n",
      " [1700.58007973 2497.84165006]\n",
      " [1616.39201172 2680.38657978]\n",
      " [1968.06663433 2826.99608045]\n",
      " [1507.29425188 1978.79000567]\n",
      " [1779.50940591 2326.69924659]\n",
      " [1792.18451221 2821.07656557]\n",
      " [2119.36465541 1810.43744416]\n",
      " [1433.72045138 3274.27098709]\n",
      " [1696.48293344 2329.09415171]\n",
      " [1522.53512278 2694.05837853]\n",
      " [1305.64345005 2150.11856315]\n",
      " [1186.07761891 1757.23432878]\n",
      " [2349.25540201 3017.30290565]\n",
      " [1620.40871656 2856.25879725]\n",
      " [1708.84258822 2838.14622819]]\n",
      "Error: 21.777227428172395\n",
      "The results for Image3\n",
      "K:  [[ 8.21764942e+03 -2.55881581e+01 -1.34624233e+03]\n",
      " [ 0.00000000e+00  7.95023293e+03  2.44165880e+03]\n",
      " [ 0.00000000e+00  0.00000000e+00  1.00000000e+00]]\n",
      "R:  [[ 0.6343912  -0.77249417  0.02829425]\n",
      " [-0.00108054  0.03571638  0.99936138]\n",
      " [-0.77301141 -0.63401664  0.02182345]]\n",
      "t:  [[ 434.88557034]\n",
      " [-112.17061019]\n",
      " [1139.67774268]]\n",
      "x_img_estimated: [[2673.10260384 1953.62112726]\n",
      " [1514.63716006 2168.48733911]\n",
      " [1316.97418389 2531.42557312]\n",
      " [1631.02620475 3193.93162406]\n",
      " [2135.98758585 2324.46536303]\n",
      " [1797.84558713 1994.21100951]\n",
      " [1413.8917068  2170.94776103]\n",
      " [2485.87097619 1962.30395936]\n",
      " [1812.36358379 2829.12194314]\n",
      " [1964.20160727 2156.68653782]\n",
      " [1707.9596547  2163.76598555]\n",
      " [1203.64048523 2176.08255072]\n",
      " [1520.96215985 2516.50589606]\n",
      " [1621.83735599 2680.7389035 ]\n",
      " [1803.66077756 2328.63497908]\n",
      " [2689.43616915 3043.55459534]]\n",
      "Error: 15.808209612316842\n",
      "The results for Image4\n",
      "K:  [[6.43633938e+03 3.51884844e+02 4.43047812e+03]\n",
      " [0.00000000e+00 5.80892723e+03 2.51206072e+03]\n",
      " [0.00000000e+00 0.00000000e+00 1.00000000e+00]]\n",
      "R:  [[ 0.9979869  -0.02668422 -0.05753344]\n",
      " [ 0.05893607  0.0551531   0.99673701]\n",
      " [-0.023424   -0.99812128  0.05661473]]\n",
      "t:  [[-341.83100929]\n",
      " [-122.64858021]\n",
      " [ 841.09976667]]\n",
      "x_img_estimated: [[1300.41126029 1771.69326295]\n",
      " [2156.13182393 3162.85603363]\n",
      " [2511.54524792 2857.57919461]\n",
      " [1692.64831014 2161.49799731]\n",
      " [1614.22189842 2509.20855085]\n",
      " [1618.41107369 2682.62157691]\n",
      " [1789.33440906 2818.02753095]\n",
      " [1778.28100868 2327.04848453]\n",
      " [1429.88990296 2713.87824863]\n",
      " [1716.16293656 3170.22797331]\n",
      " [1199.09214024 2156.44721785]\n",
      " [2143.75233716 2510.61181394]\n",
      " [1193.49138122 1957.26857779]\n",
      " [1696.59978282 2331.00819334]\n",
      " [1439.43146241 3080.69726176]\n",
      " [1601.56855271 1985.41691523]]\n",
      "Error: 21.900417149753288\n",
      "The results for Image5\n",
      "K:  [[6.20569115e+03 6.90937000e+01 1.72664202e+03]\n",
      " [0.00000000e+00 5.69541988e+03 2.27088325e+03]\n",
      " [0.00000000e+00 0.00000000e+00 1.00000000e+00]]\n",
      "R:  [[ 0.87762282 -0.47877766  0.02345489]\n",
      " [-0.00983348  0.03093805  0.99947293]\n",
      " [-0.47925096 -0.8773909   0.02244389]]\n",
      "t:  [[  8.21669845]\n",
      " [-87.99106009]\n",
      " [816.32755884]]\n",
      "x_img_estimated: [[1211.43292676 2570.182656  ]\n",
      " [2322.64757118 2671.53082569]\n",
      " [1787.92663316 1824.63147456]\n",
      " [1831.58003751 2992.02838665]\n",
      " [2494.33877308 2499.2980828 ]\n",
      " [2328.79532478 2845.16066276]\n",
      " [1607.3120259  1811.29049991]\n",
      " [1806.68448448 2326.26148563]\n",
      " [1988.40332496 2832.14745907]\n",
      " [2156.14340612 2838.56017102]\n",
      " [1819.14862353 2659.58250968]\n",
      " [1195.73543712 2175.5702631 ]\n",
      " [1341.48339449 2937.24773832]\n",
      " [2677.55866215 2500.98301455]\n",
      " [2125.18098557 1980.60378651]\n",
      " [1530.35799367 2347.68995064]]\n",
      "Error: 13.370165123128059\n",
      "The results for Image6\n",
      "K:  [[2.50993050e+03 1.73051568e+03 1.05540356e+04]\n",
      " [0.00000000e+00 7.77341713e+03 1.49303027e+03]\n",
      " [0.00000000e+00 0.00000000e+00 1.00000000e+00]]\n",
      "R:  [[ 0.67187489  0.72857567 -0.13327275]\n",
      " [-0.17524534 -0.01845289 -0.98435185]\n",
      " [-0.71963407  0.68471672  0.11528146]]\n",
      "t:  [[ 3929.16347191]\n",
      " [  -21.30694443]\n",
      " [-1117.03374816]]\n",
      "x_img_estimated: [[1588.95668829 1993.47656601]\n",
      " [2155.24110299 2667.39200591]\n",
      " [1626.75799515 2862.31231986]\n",
      " [1690.32124839 2152.18816916]\n",
      " [1443.79929085 3278.08666561]\n",
      " [2331.34273382 2840.77760466]\n",
      " [1812.6963976  2815.04058919]\n",
      " [1332.51206582 3124.24101642]\n",
      " [1950.34919784 1994.1124071 ]\n",
      " [1507.0292437  2354.72665174]\n",
      " [1820.61420017 2986.10679514]\n",
      " [1318.09414633 2754.68022003]\n",
      " [2322.57363469 2678.16354019]\n",
      " [1544.54000038 3246.65614005]\n",
      " [1611.52021518 2512.08294565]\n",
      " [1529.41690371 2887.0596652 ]]\n",
      "Error: 15.455559202824286\n",
      "The results for Image7\n",
      "K:  [[5.99577922e+03 7.60087979e+02 5.48270769e+03]\n",
      " [0.00000000e+00 5.99572608e+03 1.90459632e+03]\n",
      " [0.00000000e+00 0.00000000e+00 1.00000000e+00]]\n",
      "R:  [[ 0.98986604  0.12729058 -0.06294706]\n",
      " [ 0.06806966 -0.03629776  0.99702006]\n",
      " [ 0.12462642 -0.99120108 -0.04459455]]\n",
      "t:  [[-534.97775474]\n",
      " [ -35.14695007]\n",
      " [ 869.4325561 ]]\n",
      "x_img_estimated: [[1340.77152314 3132.34864243]\n",
      " [2686.47575181 2865.39925437]\n",
      " [1533.23224484 2705.97977385]\n",
      " [1539.43374986 2888.53862398]\n",
      " [1202.81263311 2363.89250377]\n",
      " [2173.80255465 3175.21171409]\n",
      " [1983.31828431 2833.39092899]\n",
      " [1421.4082057  2349.07954061]\n",
      " [1602.38753343 1984.81871446]\n",
      " [1315.59479411 2356.24990619]\n",
      " [1296.9010149  1779.99480987]\n",
      " [1440.12166142 2912.25279286]\n",
      " [1596.32411022 1809.91963212]\n",
      " [1964.71144407 2334.17791558]\n",
      " [1792.45903513 2490.89725073]\n",
      " [1427.62865942 2536.28137023]]\n",
      "Error: 14.06538494157329\n",
      "The results for Image8\n",
      "K:  [[ 5.59483174e+03 -4.75873476e+01  1.21432142e+03]\n",
      " [ 0.00000000e+00  5.07321525e+03  2.33462438e+03]\n",
      " [ 0.00000000e+00  0.00000000e+00  1.00000000e+00]]\n",
      "R:  [[ 0.84561707 -0.53306611  0.02779018]\n",
      " [-0.00320246  0.04699471  0.99889   ]\n",
      " [-0.5337804  -0.84476744  0.0380324 ]]\n",
      "t:  [[ 73.26202849]\n",
      " [-97.23856488]\n",
      " [732.38216173]]\n",
      "x_img_estimated: [[1953.50831465 1987.43959331]\n",
      " [2508.33156592 3204.60711157]\n",
      " [1315.51305874 2177.09118679]\n",
      " [1783.13316047 1827.74763326]\n",
      " [1698.84483033 1821.35975398]\n",
      " [2304.83300557 1798.02931972]\n",
      " [2693.33676204 2502.33068818]\n",
      " [2136.99106854 2665.46925491]\n",
      " [1338.96357551 3320.02955023]\n",
      " [1210.55066042 2576.99343058]\n",
      " [1635.1056563  3209.89232866]\n",
      " [2129.59768482 2152.48746548]\n",
      " [2124.63697501 1808.29407671]\n",
      " [1616.04375531 2166.17201794]\n",
      " [1950.84897553 1818.19380413]\n",
      " [2309.41275947 2148.57864592]]\n",
      "Error: 18.267736100698617\n",
      "The results for Image9\n",
      "K:  [[5.86697189e+03 3.15249679e+01 1.72879409e+03]\n",
      " [0.00000000e+00 5.33329809e+03 2.00734471e+03]\n",
      " [0.00000000e+00 0.00000000e+00 1.00000000e+00]]\n",
      "R:  [[ 0.88835676 -0.45897292  0.01288944]\n",
      " [ 0.02249577  0.01546853 -0.99962726]\n",
      " [ 0.45860246  0.88831559  0.02406653]]\n",
      "t:  [[  -7.51555392]\n",
      " [  52.04101679]\n",
      " [-767.75083872]]\n",
      "x_img_estimated: [[1203.17731981 2356.15685228]\n",
      " [2482.86533989 1784.54563651]\n",
      " [1633.34512692 2859.06673391]\n",
      " [1964.47812378 2314.03301139]\n",
      " [1192.53533503 1754.74071765]\n",
      " [1541.58325726 3065.91415285]\n",
      " [1814.81328736 3153.51205679]\n",
      " [1443.88782211 3286.13687366]\n",
      " [1804.52552249 2648.67385017]\n",
      " [2128.66325835 1970.53718383]\n",
      " [2678.90774895 2136.61154251]\n",
      " [1336.0868668  3324.68122636]\n",
      " [1723.15446566 2837.27436933]\n",
      " [1419.16103938 1963.9475993 ]\n",
      " [1311.22174085 1959.54581645]\n",
      " [2325.02921001 2841.45077789]]\n",
      "Error: 18.586271323572234\n",
      "The results for Image10\n",
      "K:  [[ 5.28219557e+03 -1.17990762e+02  9.55911338e+02]\n",
      " [ 0.00000000e+00  4.85638895e+03  2.13485629e+03]\n",
      " [ 0.00000000e+00  0.00000000e+00  1.00000000e+00]]\n",
      "R:  [[ 0.8063197  -0.59086997  0.02685562]\n",
      " [-0.02582165  0.01019642  0.99961456]\n",
      " [-0.59091606 -0.80670237 -0.00703567]]\n",
      "t:  [[110.79358669]\n",
      " [-69.09996691]\n",
      " [709.74936974]]\n",
      "x_img_estimated: [[2492.44535944 1780.86165821]\n",
      " [1793.97804936 1990.28649842]\n",
      " [1530.77546993 3237.01404187]\n",
      " [1202.27592068 2366.91202154]\n",
      " [1528.71257347 2878.22159797]\n",
      " [1715.00260835 3002.26808324]\n",
      " [1623.00088189 2680.8907273 ]\n",
      " [1621.97651418 2506.90758141]\n",
      " [1962.48818433 2653.84317834]\n",
      " [2502.67802773 3210.7720627 ]\n",
      " [1795.99584945 2318.838972  ]\n",
      " [1314.80195371 1977.14130599]\n",
      " [1524.59319985 2161.75319585]\n",
      " [2128.14550315 1804.4369711 ]\n",
      " [2696.240096   3046.9400119 ]\n",
      " [1319.98756383 2929.15836151]]\n",
      "Error: 16.966363001182664\n",
      "The results for Image11\n",
      "K:  [[6.66692787e+03 3.70207308e+01 1.71730849e+03]\n",
      " [0.00000000e+00 5.96297363e+03 1.76294991e+03]\n",
      " [0.00000000e+00 0.00000000e+00 1.00000000e+00]]\n",
      "R:  [[ 0.89445572 -0.44658548  0.02259144]\n",
      " [ 0.03670055  0.02296708 -0.99906235]\n",
      " [ 0.44564788  0.89444616  0.03693297]]\n",
      "t:  [[  -6.06995407]\n",
      " [  16.22500383]\n",
      " [-860.96671122]]\n",
      "x_img_estimated: [[1525.35731112 2530.84472158]\n",
      " [1706.41427334 2499.23694111]\n",
      " [1329.099551   2758.09196576]\n",
      " [1503.57824732 1808.65590812]\n",
      " [1323.5491979  2566.07510687]\n",
      " [1711.8001263  2671.41744445]\n",
      " [2705.96227514 3038.32420907]\n",
      " [1695.67679596 2155.97018757]\n",
      " [2128.83539982 2318.73724397]\n",
      " [2672.5466986  2143.05628389]\n",
      " [1806.18183449 2989.20369107]\n",
      " [1768.89637512 1816.69827013]\n",
      " [1230.49767627 3179.83311135]\n",
      " [2146.35656692 2835.20534407]\n",
      " [2152.22183027 3008.09459276]\n",
      " [1219.29607485 2782.96039907]]\n",
      "Error: 20.64613935832651\n",
      "The results for Image12\n",
      "K:  [[ 6.23567248e+03 -3.15792362e+01  1.78790732e+03]\n",
      " [ 0.00000000e+00  5.72031212e+03  1.88074887e+03]\n",
      " [ 0.00000000e+00  0.00000000e+00  1.00000000e+00]]\n",
      "R:  [[ 0.8803946  -0.47387702  0.01859912]\n",
      " [-0.04238608 -0.03956437  0.99831763]\n",
      " [-0.47234392 -0.87970179 -0.05491805]]\n",
      "t:  [[  1.19136166]\n",
      " [-32.66178002]\n",
      " [822.70763251]]\n",
      "x_img_estimated: [[2675.85593772 2317.5458086 ]\n",
      " [2313.71718226 2319.76027908]\n",
      " [2697.05286277 3230.02786215]\n",
      " [1425.77509922 2532.3032671 ]\n",
      " [1192.54978648 1959.61783795]\n",
      " [1815.7485231  2830.44492671]\n",
      " [1977.59869543 2664.46179363]\n",
      " [2692.78389321 3046.25790005]\n",
      " [2306.79691855 1969.5715847 ]\n",
      " [1628.73438048 2510.78999448]\n",
      " [1805.66714126 2154.74340107]\n",
      " [1532.34591767 2704.75511252]\n",
      " [1527.86371502 2338.37626532]\n",
      " [1810.69155071 2491.50290308]\n",
      " [1315.24959032 2544.01874711]\n",
      " [2503.66904602 2856.20554464]]\n",
      "Error: 12.014554328760669\n",
      "The results for Image13\n",
      "K:  [[ 7.14150706e+03 -1.13083810e+03 -2.20615780e+03]\n",
      " [ 0.00000000e+00  7.26833425e+03  8.24586679e+02]\n",
      " [ 0.00000000e+00  0.00000000e+00  1.00000000e+00]]\n",
      "R:  [[ 0.50660578 -0.85838503  0.08078193]\n",
      " [-0.16468778 -0.00437292  0.98633605]\n",
      " [-0.84630286 -0.51298734 -0.14358088]]\n",
      "t:  [[ 634.70026306]\n",
      " [ 126.29579741]\n",
      " [1096.53247201]]\n",
      "x_img_estimated: [[2696.63869996 3047.816069  ]\n",
      " [2506.74160082 3213.71412495]\n",
      " [1963.03075063 2309.34032575]\n",
      " [2684.45398555 2496.39211316]\n",
      " [2672.52423607 1956.50669418]\n",
      " [1616.11099501 2509.19045733]\n",
      " [1804.64281389 3139.39139972]\n",
      " [1710.85884398 2825.90189663]\n",
      " [2480.5176286  1788.27914944]\n",
      " [1798.07483041 1821.77813883]\n",
      " [1711.94931829 3165.72653718]\n",
      " [1711.40230302 2995.26010151]\n",
      " [2137.78664407 2825.86841082]\n",
      " [1321.49883752 2568.07808844]\n",
      " [1420.8119626  3071.63961349]\n",
      " [2486.93873987 2137.30623466]]\n",
      "Error: 20.08656421697631\n",
      "The results for Image14\n",
      "K:  [[5.59448816e+03 3.97911407e+01 1.99176715e+03]\n",
      " [0.00000000e+00 5.09990090e+03 2.43880389e+03]\n",
      " [0.00000000e+00 0.00000000e+00 1.00000000e+00]]\n",
      "R:  [[ 0.91022746 -0.413952    0.01138917]\n",
      " [-0.01301682 -0.05608994 -0.99834086]\n",
      " [ 0.41390402  0.90856902 -0.05644294]]\n",
      "t:  [[  26.13451406]\n",
      " [ 112.343338  ]\n",
      " [-722.78464005]]\n",
      "x_img_estimated: [[2134.94139102 2151.42734772]\n",
      " [1790.91873779 1985.93888539]\n",
      " [1958.94293039 1981.87857683]\n",
      " [1216.18258166 2976.87467235]\n",
      " [1343.19858476 3335.26394239]\n",
      " [1636.93827064 2868.84820605]\n",
      " [2128.44204795 1803.31225136]\n",
      " [2505.25235746 2855.81673325]\n",
      " [1809.72796773 2824.48550134]\n",
      " [1623.95274125 2335.923386  ]\n",
      " [1180.45159266 1748.51227402]\n",
      " [2507.82773065 3031.10415988]\n",
      " [1523.37073683 2157.95786247]\n",
      " [1528.07376868 2342.89682339]\n",
      " [1972.96312308 2663.24964998]\n",
      " [2309.38647353 1973.41010038]]\n",
      "Error: 16.60286117322595\n"
     ]
    }
   ],
   "source": [
    "#df = pd.read_excel('data.xlsx', sheet_name='Sheet1')\n",
    "\n",
    "Kavg = 0\n",
    "for i in range(0,15):\n",
    "    df = pd.read_excel('./Dataset/corners{}.xlsx'.format(i))\n",
    "    WX  = np.array(df[\"x\"])\n",
    "    WY  = np.array(df[\"y\"])\n",
    "    WZ  = np.array(df[\"z\"])\n",
    "    X   = np.array(list(zip(WX, WY,WZ)))\n",
    "    Ix  = np.array(df[\"X_img\"])\n",
    "    Iy  = np.array(df[\"Y_img\"])\n",
    "    x   = np.array(list(zip(Ix,Iy)))\n",
    "    U,Xcap = normalize_3d(X)\n",
    "    T,xcap = normalize_2d(x)\n",
    "    print(\"The results for Image{}\".format(i))\n",
    "\n",
    "    P = estimate_P(Xcap,xcap,T,U)\n",
    "    x0,y0,alpha,beta,theta,K,R,t = parameter_extract(P)\n",
    "    Kavg+=K\n",
    "    print(\"x_img_estimated:\",estimate2D(X,P))\n",
    "    print(\"Error:\",RMSE(estimate2D(X,P),x))\n",
    "    \n",
    "Kavg = Kavg/15;\n",
    "    \n",
    "    \n",
    "    \n",
    "\n",
    "\n"
   ]
  },
  {
   "cell_type": "code",
   "execution_count": 521,
   "id": "d7b2c4d0",
   "metadata": {},
   "outputs": [
    {
     "name": "stdout",
     "output_type": "stream",
     "text": [
      "Kavg: [[6.00660893e+03 1.06360723e+02 2.19607755e+03]\n",
      " [0.00000000e+00 5.93629439e+03 2.06138853e+03]\n",
      " [0.00000000e+00 0.00000000e+00 1.00000000e+00]]\n"
     ]
    }
   ],
   "source": [
    "print(\"Kavg:\", Kavg)"
   ]
  }
 ],
 "metadata": {
  "kernelspec": {
   "display_name": "Python 3 (ipykernel)",
   "language": "python",
   "name": "python3"
  },
  "language_info": {
   "codemirror_mode": {
    "name": "ipython",
    "version": 3
   },
   "file_extension": ".py",
   "mimetype": "text/x-python",
   "name": "python",
   "nbconvert_exporter": "python",
   "pygments_lexer": "ipython3",
   "version": "3.9.7"
  }
 },
 "nbformat": 4,
 "nbformat_minor": 5
}
